t_tenpy sz_chi_16 sz_chi_32 sz_chi_64 sz_chi_128 sz_chi_256 sz_chi_512 sz_chi_1024
0.0 1.0 1.0 1.0 1.0 1.0 1.0 
0.001 0.9999940421474617 0.9999940122154887 0.9999940122154878 0.9999940122161921 0.9999940122161921 0.9999940122161921 
0.002 0.9999741979052589 0.9999740616978933 0.9999740616574143 0.9999740616574007 0.9999740616574003 0.9999740616574004 
0.003 0.9999384055689187 0.9999381643317905 0.9999381641304678 0.9999381641304179 0.9999381641304235 0.9999381641304228 
0.004 0.9998866866219865 0.999886327027368 0.9998863263994554 0.999886326399236 0.9998863263992216 0.9998863263992214 
0.005 0.9998190410523514 0.9998185597662922 0.9998185582271992 0.9998185582263068 0.9998185582263017 0.9998185582263017 
0.006 0.999735484160116 0.999734875604688 0.9997348723730899 0.9997348723704116 0.9997348723704143 0.9997348723704145 
0.007 0.9996360348627161 0.9996352906669297 0.9996352845901106 0.9996352845832959 0.999635284583296 0.9996352845832941 
0.008 0.9995207156889879 0.9995198241412262 0.9995198136211281 0.9995198136056853 0.9995198136056592 0.9995198136056561 
0.009000000000000001 0.9993895527718151 0.9993884982765131 0.999388481194364 0.9993884811625388 0.9993884811624161 0.9993884811624083 
0.010000000000000002 0.9992425758396127 0.9992413383793904 0.9992413120182944 0.9992413119574878 0.9992413119571524 0.9992413119571343 
0.011000000000000003 0.9990798182067548 0.9990783728101982 0.9990783337757846 0.9990783336665784 0.9990783336658282 0.9990783336657966 
0.012000000000000004 0.9989013167628866 0.9988996329786736 0.9988995771175215 0.9988995769311059 0.9988995769297486 0.9988995769297007 
0.013000000000000005 0.9987071119612811 0.9987051533386794 0.9987050756547703 0.9987050753500407 0.9987050753477626 0.9987050753476987 
0.014000000000000005 0.9984972478060903 0.9984949713814113 0.9984948659514009 0.9984948654713882 0.9984948654677338 0.9984948654676541 
0.015000000000000006 0.998271771838534 0.9982691276287013 0.9982689875152444 0.9982689867830449 0.9982689867772335 0.9982689867771473 
0.016000000000000007 0.9980307351219964 0.998027665625255 0.9980274827887504 0.9980274817023005 0.9980274816935129 0.998027481693449 
0.017000000000000008 0.9977741922260537 0.9977706319301202 0.9977703971389282 0.9977703955654634 0.9977703955527566 0.9977703955527467 
0.01800000000000001 0.9975022012094806 0.9974980761075011 0.9974977788466294 0.9974977766165029 0.9974977765985624 0.9974977765986411 
0.01900000000000001 0.9972148236021868 0.9972100507168954 0.9972096790951184 0.9972096759946891 0.9972096759697062 0.9972096759699017 
0.02000000000000001 0.996912124386111 0.9969066113025602 0.9969061519579695 0.996906147721669 0.9969061476871574 0.9969061476875005 
0.02100000000000001 0.996594171975064 0.9965878163822708 0.9965872543862868 0.9965872486877825 0.9965872486403854 0.9965872486409195 
0.022000000000000013 0.9962610381935254 0.9962537274353243 0.9962530461952284 0.9962530386376863 0.9962530385729469 0.9962530385737346 
0.023000000000000013 0.9959127982544245 0.995904408889538 0.9959035900498695 0.9959035801552876 0.9959035800673521 0.9959035800684889 
0.024000000000000014 0.9955495307358886 0.9955399281067049 0.9955389514503952 0.9955389386479364 0.9955389385292113 0.9955389385308522 
0.025000000000000015 0.9951713175569799 0.9951603553674462 0.9951591987166343 0.9951591823299649 0.9951591821707019 0.9951591821730796 
0.026000000000000016 0.994778243952427 0.9947657638594933 0.9947644029719238 0.994764382205497 0.9947643819933001 0.9947643819967583 
0.027000000000000017 0.9943703984463643 0.994356229663666 0.9943546381262994 0.9943546120505834 0.994354611769891 0.9943546117748764 
0.028000000000000018 0.993947872825084 0.9939318317365365 0.9939299808590483 0.9939299483946558 0.9939299480262234 0.9939299480331905 
0.02900000000000002 0.9935107621088134 0.9934926518951261 0.9934905106005979 0.993490470501383 0.9934904700216228 0.9934904700309152 
0.03000000000000002 0.993059164522529 0.9930387748001753 0.9930363095137731 0.9930362603487819 0.9930362597289277 0.993036259740735 
0.03100000000000002 0.992593181465819 0.9925702879381804 0.9925674624743948 0.9925674026085145 0.9925674018136977 0.992567401828148 
0.03200000000000002 0.9921129174818082 0.9920872816029364 0.9920840570512606 0.9920839846248984 0.99208398361282 0.9920839836301418 
0.03300000000000002 0.9916184802251498 0.9915898488765817 0.9915861834854754 0.9915860963929931 0.9915860951131504 0.9915860951332165 
0.03400000000000002 0.9911099804291038 0.9910780856101087 0.9910739346691652 0.9910738305361529 0.9910738289288374 0.9910738289507558 
0.035000000000000024 0.9905875318717144 0.9905520904032759 0.9905474061235772 0.990547282282823 0.9905472802768057 0.9905472802997496 
0.036000000000000025 0.9900512513410996 0.99001196458392 0.99000669597655 0.9900065494427407 0.9900065469535697 0.9900065469769015 
0.037000000000000026 0.9895012585998588 0.9894578121866427 0.9894519049393798 0.989451732382868 0.9894517293111079 0.9894517293340805 
0.03800000000000003 0.9889376763486257 0.9888897399308535 0.9888831362830887 0.9888829340023841 0.9888829302314796 0.9888829302531824 
0.03900000000000003 0.988360630188769 0.988307857198183 0.9883004958140736 0.9883002597071278 0.9883002551009364 0.9883002551203527 
0.04000000000000003 0.9877702485842685 0.9877122760092079 0.9877040918491912 0.9877038173832114 0.9877038117835956 0.9877038117996276 
0.04100000000000003 0.9871666628227607 0.9871031109995353 0.9870940351902397 0.9870937173705869 0.9870937105945803 0.9870937106059535 
0.04200000000000003 0.9865500069757904 0.9864804793952044 0.9864704390978605 0.9864700724357329 0.9864700642723716 0.9864700642776468 
0.04300000000000003 0.985920417858279 0.9858445009874359 0.9858334192648787 0.9858329977434976 0.9858329879507798 0.9858329879482629 
0.04400000000000003 0.9852780349872129 0.9851952981066947 0.9851830937890533 0.9851826108290344 0.9851825991302345 0.9851825991178915 
0.04500000000000003 0.9846230005395805 0.9845329955960692 0.9845195831452972 0.9845190315685222 0.9845190176478628 0.9845190176239035 
0.046000000000000034 0.9839554593095711 0.9838577207839643 0.9838430101573249 0.9838423821498166 0.9838423656482317 0.983842365611134 
0.047000000000000035 0.983275558665056 0.9831696034561193 0.9831534999687571 0.9831527870425357 0.9831527675534336 0.9831527675015325 
0.048000000000000036 0.98258344850335 0.9824687758269615 0.9824511800136932 0.9824503729673337 0.9824503500319667 0.9824503499632774 
0.04900000000000004 0.9818792812063045 0.9817553725103106 0.9817361799867421 0.9817352688647546 0.9817352419672469 0.9817352418793652 
0.05000000000000004 0.9811632115947123 0.9810295304894314 0.9810086318125487 0.981007605863627 0.9810075744256953 0.9810075743156892 
0.05100000000000004 0.980435396882068 0.9802913890864472 0.9802686696147697 0.9802675172489985 0.9802674806243012 0.9802674804886138 
0.05200000000000004 0.9796959966276921 0.9795410899310935 0.9795164296845882 0.9795151384296108 0.9795150958976792 0.9795150957320493 
0.05300000000000004 0.9789451726892365 0.9787787769288103 0.9787520504486715 0.978750606904922 0.9787505576646613 0.9787505574640528 
0.05400000000000004 0.9781830891745835 0.978004596228159 0.9779756724367024 0.9779740622316917 0.9779740053944344 0.9779740051529602 
0.05500000000000004 0.9774099123931784 0.9772186961875342 0.9771874382483625 0.9771856459901501 0.9771855805722002 0.9771855802830413 
0.05600000000000004 0.9766258108067812 0.976421227341194 0.9763874925198747 0.9763855017497463 0.9763854266644248 0.9763854263197 
0.057000000000000044 0.9758309549796892 0.9756123423645718 0.9755759818900838 0.975573775034473 0.9755736890836176 0.9755736886742568 
0.058000000000000045 0.9750255175284203 0.9747921960389133 0.9747530549660479 0.9747506132877531 0.974750515152681 0.9747505146682823 
0.059000000000000045 0.9742096730709041 0.9739609452152416 0.973918862288205 0.9739161658368879 0.9739160540688482 0.97391605349751 
0.060000000000000046 0.9733835981751702 0.973118748777724 0.9730735562950952 0.9730705838570708 0.9730704568671964 0.9730704561953623 
0.06100000000000005 0.9725474713075758 0.9722657676064794 0.9722172912876377 0.9722140203349613 0.972213876383775 0.9722138755960518 
0.06200000000000005 0.971701472780589 0.9714021645399187 0.9713502233929954 0.971346630031817 0.971346467218349 0.9713464662973152 
0.06300000000000004 0.9708457847001215 0.9705281043367204 0.9704725105280113 0.9704685694461991 0.970468385696767 0.9704683846227501 
0.06400000000000004 0.9699805909124821 0.9696437536375198 0.9695843123622678 0.9695799967762477 0.9695797898329728 0.9695797885838018 
0.06500000000000004 0.9691060769509087 0.9687492809263992 0.9686857902807181 0.9686810718815555 0.9686808392906464 0.9686808378413901 
0.06600000000000004 0.9682224299817389 0.9678448564922566 0.9677771073459507 0.9677719562446434 0.9677716953445306 0.967771693667194 
0.06700000000000005 0.9673298387502414 0.9669306523900436 0.9668584282600692 0.9668528129320881 0.9668525208414002 0.9668525189046175 
0.06800000000000005 0.9664284935260993 0.9660068424019084 0.9659299193262075 0.9659238065553755 0.9659234801607285 0.9659234779294261 
0.06900000000000005 0.9655185860485795 0.9650736019981758 0.9649917484096932 0.9649851032315451 0.9649847391750439 0.9649847366100709 
0.07000000000000005 0.9646003094714255 0.964131108298101 0.9640440848988527 0.9640368705437188 0.9640364652099969 0.9640364622677354 
0.07100000000000005 0.9636738583074556 0.9631795400302905 0.9630870996654866 0.9630792775015571 0.9630788270041396 0.963078823636075 
0.07200000000000005 0.96273942837293 0.9622190774927089 0.9621209650250184 0.9621124945015981 0.9621119946684425 0.9621119908206791 
0.07300000000000005 0.9617972167316656 0.9612499025121557 0.9611458546963285 0.9611366932874116 0.961136139645545 0.9611361352582517 
0.07400000000000005 0.9608474216389495 0.9602721984031332 0.9601619437612601 0.9601520469095154 0.9601514346687687 0.9601514296755786 
0.07500000000000005 0.9598902424852506 0.959286149926033 0.9591694086238683 0.9591587296850412 0.9591580537208858 0.959158048048284 
0.07600000000000005 0.9589258797397622 0.9582919432446142 0.9581684269693501 0.9581569171571355 0.9581561719926842 0.9581561655594151 
0.07700000000000005 0.9579545348937906 0.9572897658827537 0.9571591777227123 0.9571467860541087 0.9571459658413001 0.9571459585577631 
0.07800000000000006 0.9569764104040033 0.9562798066804876 0.9561418410071729 0.9561285142483256 0.9561276127483611 0.9561276045159642 
0.07900000000000006 0.9559917096355671 0.9552622557493542 0.955116598102317 0.9551022807148084 0.9551012912779479 0.9551012819883673 
0.08000000000000006 0.9550006368051971 0.9542373044271167 0.9540836314019873 0.9540682654895748 0.9540671810343568 0.9540671705686997 
0.08100000000000006 0.9540033969241124 0.9532051452318738 0.9530431243719785 0.9530266496277231 0.9530254626197268 0.9530254508475474 
0.08200000000000006 0.9530001957409504 0.9521659718156336 0.9519952615074744 0.9519776151613188 0.9519763175914999 0.9519763043697913 
0.08300000000000006 0.9519912396846457 0.9511199789173845 0.9509402282902967 0.9509213450571358 0.9509199284197549 0.9509199135919222 
0.08400000000000006 0.9509767358072764 0.950067362315718 0.9498782111459512 0.949858023174274 0.949856478444406 0.9498564618392493 
0.08500000000000006 0.949956891726931 0.9490083187810237 0.9488093974004836 0.9487878342217337 0.9487861518323086 0.948786133262915 
0.08600000000000006 0.9489319155705783 0.9479430460273054 0.9477339752371604 0.94771096371592 0.9477091335342382 0.9477091127967767 
0.08700000000000006 0.9479020159169946 0.9468717426636392 0.9466521336529872 0.9466275979381036 0.9466256092418164 0.946625586114237 
0.08800000000000006 0.9468674017397352 0.9457946081452983 0.9455640624150689 0.9455379238918253 0.9455357653443287 0.9455357395849684 
0.08900000000000007 0.9458282823501925 0.9447118427245631 0.9444699520168321 0.9444421292602311 0.9444397888855092 0.9444397602315886 
0.09000000000000007 0.9447848673407458 0.9436236474012426 0.943369993634115 0.9433404023633262 0.9433378675202486 0.9433378356862638 
0.09100000000000007 0.94373736652803 0.9425302238729107 0.9422643790811382 0.9422329321151174 0.942230189471263 0.9422301541472874 
0.09200000000000007 0.9426859898963345 0.9414317744848781 0.9411533007663758 0.9411199079806584 0.9411169434857394 0.9411169043356483 
0.09300000000000007 0.9416309475411496 0.9403285021799204 0.9400369516483112 0.940001519932973 0.9399983187919312 0.9399982754515847 
0.09400000000000007 0.9405724496128988 0.9392206104477471 0.938915525191127 0.9388779584098715 0.9388745050557871 0.9388744571311183 
0.09500000000000007 0.9395107062608327 0.9381083032742591 0.9377892153203355 0.937749414270674 0.9377456923375244 0.9377456394025827 
0.09600000000000007 0.9384459275771537 0.9369917850905662 0.9366582163782998 0.9366160787528474 0.9366120710482804 0.9366120126431432 
0.09700000000000007 0.9373783235413455 0.9358712607218178 0.9355227230797724 0.9354781434285808 0.9354738319067308 0.9354737675353447 
0.09800000000000007 0.9363081039647533 0.9347469353358032 0.9343829304673427 0.9343358001613066 0.9343311658958005 0.9343310950236734 
0.09900000000000007 0.9352354784354129 0.9336190143913987 0.9332390338668998 0.9331892410621789 0.9331842642193866 0.9331841862711983 
0.10000000000000007 0.934160656263166 0.9324877035868242 0.9320912288430512 0.9320386584465303 0.9320333182591747 0.9320332326162424 
0.10100000000000008 0.9330838464250506 0.9313532088077645 0.9309397111545636 0.9308842447903252 0.9308785195315197 0.930878425529145 
0.10200000000000008 0.9320052575110171 0.9302157360753541 0.9297846767098017 0.9297261926866305 0.9297200596444125 0.9297199565690989 
0.10300000000000008 0.9309250976699458 0.9290754914940872 0.9286263215221803 0.9285646948021482 0.9285581302545449 0.9285580173410974 
0.10400000000000008 0.929843574556037 0.927932681199688 0.9274648416656722 0.9273999438338375 0.9273929230244838 0.927392799452952 
0.10500000000000008 0.9287608952755242 0.9267875113069629 0.9263004332303336 0.9262321324656776 0.9262246295799741 0.9262244944724737 
0.10600000000000008 0.9276772663337766 0.9256401878577426 0.9251332922779197 0.9250614533256272 0.9250534414673508 0.9250532938847524 
0.10700000000000008 0.9265928935827907 0.9244909167689483 0.9239636147975521 0.9238880989428053 0.9238795501111192 0.9238793890495763 
0.10800000000000008 0.9255079821690765 0.9233399037808627 0.922791596661477 0.9227122617049306 0.922703146771665 0.9227029711590137 
0.10900000000000008 0.9244227364819713 0.922187354405669 0.921617433580926 0.9215341338160584 0.921524422503142 0.9215242311951533 
0.11000000000000008 0.9233373601023707 0.9210334738763271 0.9204413210620832 0.9203539072545489 0.9203435681115285 0.9203433598879912 
0.11100000000000008 0.9222520557519286 0.9198784670957973 0.9192634543621646 0.9191717737313356 0.9191607741128731 0.9191605476735332 
0.11200000000000009 0.921167025242696 0.9187225385866977 0.9180840284456403 0.9179879246483774 0.9179762306917275 0.9179759846520569 
0.11300000000000009 0.9200824694272577 0.9175658924412954 0.9169032379405875 0.9168025510573334 0.9167901276598147 0.9167898605465808 
0.11400000000000009 0.9189985881493379 0.9164087322718929 0.9157212770952097 0.9156158436183686 0.9156026544148815 0.9156023646615633 
0.11500000000000009 0.9179155801949244 0.9152512611614982 0.9145383397345195 0.9144279925591108 0.9144139998997989 0.9144136858417855 
0.11600000000000009 0.9168336432439034 0.9140936816147347 0.9133546192171962 0.9132391876337048 0.913224352561906 0.9132240124315235 
0.11700000000000009 0.9157529738222205 0.91293619550893 0.9121703083926302 0.9120496180819789 0.9120339003125876 0.9120335322338875 
0.11800000000000009 0.9146737672545948 0.9117790040452924 0.9109855995581906 0.9108594725887103 0.910842830487119 0.9108424324704851 
0.11900000000000009 0.9135962176177711 0.9106223077001603 0.9098006844166854 0.9096689392430034 0.9096513298047761 0.9096508997412953 
0.12000000000000009 0.9125205176943584 0.9094663061762606 0.9086157540340503 0.9084782054977972 0.9084595843292013 0.908459119984839 
0.1210000000000001 0.9114468589272363 0.9083111983539692 0.9074309987972932 0.907287458129546 0.9072677794290722 0.9072672784386245 
0.1220000000000001 0.9103754313745508 0.9071571822425992 0.9062466083726668 0.906096883198081 0.9060760997390422 0.906075559599883 
0.1230000000000001 0.909306423665321 0.9060044549317108 0.9050627716641055 0.9049066660067028 0.904884729120981 0.9048841471866077 
0.1240000000000001 0.9082400229556516 0.9048532125425031 0.9038796767719601 0.903716991062558 0.9036938506255132 0.9036932240988883 
0.12500000000000008 0.9071764148855788 0.9037036501793267 0.9026975109519734 0.9025280420372689 0.9025036464538772 0.9025029723805809 
0.12600000000000008 0.906115783536543 0.9025559618813624 0.901516460574588 0.9013400017279277 0.9013142979201035 0.9013135731812961 
0.12700000000000009 0.9050583113895081 0.9014103405745396 0.9003367110845525 0.9001530520183981 0.9001259854135082 0.9001252067187254 
0.12800000000000009 0.9040041792837488 0.9002669780237521 0.8991584469608189 0.89896737384097 0.8989388883615272 0.8989380522413155 
0.1290000000000001 0.9029535663762839 0.8991260647854437 0.8979818516768097 0.897783147138372 0.8977531851928926 0.8977522879912806 
0.1300000000000001 0.901906650102001 0.8979877901606415 0.8968071076609885 0.8966005508261711 0.8965690533011601 0.8965680911679986 
0.1310000000000001 0.9008636061344621 0.8968523421485024 0.8956343962578213 0.8954197627555298 0.8953866690085954 0.8953856378917471 
0.1320000000000001 0.8998246083473966 0.895719907400466 0.8944638976890442 0.8942409596763998 0.8942062075304457 0.8942051031678488 
0.1330000000000001 0.898789828776905 0.8945906711750469 0.8932957910153629 0.8930643172011543 0.8930278429396085 0.8930266608511761 
0.1340000000000001 0.8977594375843694 0.893464817293358 0.8921302540984866 0.8918900097687218 0.891851748131676 0.8918504836110589 
0.1350000000000001 0.8967336030200787 0.8923425280953694 0.890967463563594 0.890718210609269 0.8906780947904508 0.8906767428966035 
0.1360000000000001 0.8957124913875987 0.8912239843969028 0.8898075947621675 0.8895490917095 0.8895070533538387 0.8895056089023962 
0.1370000000000001 0.8946962670088501 0.8901093654473803 0.8886508217352731 0.8883828237786149 0.8883387929802397 0.8883372505346478 
0.1380000000000001 0.8936850921899524 0.8889988488882689 0.8874973171772437 0.8872195762149883 0.8871734815153586 0.8871718353777499 
0.1390000000000001 0.8926791271878012 0.8878926107122209 0.8863472523998022 0.8860595170735739 0.8860112854595023 0.8860095296612623 
0.1400000000000001 0.8916785301774156 0.8867908252228999 0.8852007972966357 0.8849028130340372 0.8848523699353313 0.8848504982273315 
0.1410000000000001 0.8906834572200325 0.8856936649954698 0.8840581203084138 0.8837496293696214 0.8836968986561006 0.8836949044985766 
0.1420000000000001 0.8896940622319867 0.8846013008377775 0.8829193883882778 0.8826001299166367 0.8825450338943407 0.8825429104463963 
0.1430000000000001 0.8887104969543453 0.8835139017522023 0.8817847669678037 0.8814544770445594 0.8813969364510461 0.8813946765597451 
0.1440000000000001 0.8877329109233498 0.8824316348981447 0.8806544199234294 0.8803128316266212 0.8802527656252987 0.8802503618143832 
0.1450000000000001 0.8867614514416197 0.8813546655551047 0.8795285095434107 0.8791753530108352 0.8791126791843691 0.8791101236425876 
0.1460000000000001 0.8857962635501601 0.8802831570863349 0.8784071964952446 0.8780421989913713 0.8779768333342991 0.8779741179033419 
0.1470000000000001 0.8848374900011631 0.8792172709030155 0.877290639793604 0.8769135257802383 0.8768453826909062 0.8768424988530191 
0.1480000000000001 0.8838852712316103 0.8781571664290292 0.8761789967688296 0.8757894879792255 0.875718480251305 0.875715419116548 
0.1490000000000001 0.8829397453376823 0.8771030010663489 0.875072423035885 0.8746702385520981 0.8745962773658728 0.8745930296590636 
0.1500000000000001 0.8820010480499756 0.8760549301611249 0.8739710724639113 0.8735559287970281 0.873478923710705 0.8734754797580916 
0.1510000000000001 0.8810693127095329 0.8750131069705263 0.8728750971462793 0.8724467083193138 0.8723665672605658 0.8723629169762093 
0.1520000000000001 0.8801446702446935 0.87397768263039 0.8717846473712186 0.8713427250043709 0.8712593542623078 0.8712554871342328 
0.1530000000000001 0.8792272491487622 0.8729488061236937 0.8706998715929923 0.8702441249910593 0.8701574292088157 0.8701533342849048 
0.1540000000000001 0.8783171754585013 0.8719266242498488 0.8696209164036522 0.8691510526453958 0.8690609348134352 0.8690566006871346 
0.1550000000000001 0.8774145727334509 0.8709112815948146 0.8685479265053625 0.8680636505346456 0.867970011984894 0.8679654267807155 
0.1560000000000001 0.8765195620360796 0.8699029205020135 0.8674810446832897 0.8669820594019196 0.866884799802734 0.8668799511616236 
0.1570000000000001 0.8756322619127654 0.868901681044005 0.8664204117791259 0.8659064181412445 0.8658054354932367 0.8658003105578125 
0.1580000000000001 0.8747527883755992 0.8679077009949134 0.8653661666651505 0.8648368637731871 0.8647320544058551 0.8647266398055712 
0.1590000000000001 0.873881254885054 0.8669211158035763 0.8643184462189586 0.863773531421069 0.8636647899901544 0.8636590718263879 
0.16000000000000011 0.8730177723334543 0.8659420585674152 0.8632773852987372 0.8627165542877762 0.8626037737732778 0.8625977376044455 
0.16100000000000012 0.8721624490293103 0.8649706600069659 0.8622431167192125 0.8616660636332226 0.8615491353379561 0.861542766164567 
0.16200000000000012 0.8713153906824805 0.864007048441154 0.8612157712281938 0.860622188752464 0.8605010023010498 0.8604942845507944 
0.16300000000000012 0.8704767003901772 0.863051349763215 0.8601954774837505 0.8595850569544792 0.8594595002927025 0.8594524178055023 
0.16400000000000012 0.8696464786238117 0.8621036874173613 0.8591823620320377 0.85855479354161 0.8584247529360695 0.8584172889490768 
0.16500000000000012 0.8688248232166893 0.8611641823761021 0.8581765492857576 0.8575315217896781 0.8573968818276455 0.8573890189601729 
0.16600000000000012 0.8680118293525246 0.8602329531183573 0.8571781615032577 0.8565153629287658 0.8563760065182783 0.8563677267565466 
0.16700000000000012 0.8672075895548321 0.859310115608236 0.8561873187683061 0.8555064361246253 0.8553622444947324 0.8553535291764229 
0.16800000000000012 0.8664121936771146 0.8583957832746202 0.8552041389704881 0.8545048584607347 0.8543557111619366 0.8543465409604923 
0.16900000000000012 0.8656257288939423 0.8574900669914621 0.8542287377862893 0.8535107449209699 0.8533565198258304 0.8533468747344579 
0.17000000000000012 0.8648482796928225 0.8565930750589043 0.8532612286608239 0.8525242083728757 0.8523647816768384 0.8523546409921706 
0.17100000000000012 0.8640799278669469 0.8557049131851496 0.8523017227902214 0.8515453595515268 0.8513806057739373 0.8513699480793192 
0.17200000000000013 0.863320752508753 0.8548256844691559 0.8513503291046789 0.8505743070439729 0.8504040990293202 0.8503929021777513 
0.17300000000000013 0.8625708300043258 0.8539554893841271 0.8504071542522085 0.8496111572742482 0.8494353661936553 0.8494236072903456 
0.17400000000000013 0.8618302340286443 0.8530944257618405 0.8494723025830299 0.8486560144889782 0.8484745098419098 0.8484621652264844 
0.17500000000000013 0.8610990355416447 0.8522425887777961 0.8485458761346527 0.8477089807435317 0.8475216303597466 0.8475086755881343 
0.17600000000000013 0.8603773027851312 0.8514000709372267 0.8476279746176767 0.8467701558887701 0.8465768259304477 0.8465632357564945 
0.17700000000000013 0.8596651012804943 0.8505669620619415 0.8467186954022259 0.8458396375583911 0.8456401925224428 0.8456259408792567 
0.17800000000000013 0.8589624938272643 0.8497433492780714 0.845818133505151 0.8449175211568634 0.8447118238773288 0.8446968838584588 
0.17900000000000013 0.8582695405024933 0.8489293170046637 0.844926381577858 0.8440038998479946 0.8437918114984684 0.8437761553389478 
0.18000000000000013 0.8575862986609449 0.8481249469431994 0.8440435298948928 0.8430988645441077 0.8428802446401612 0.8428638436974418 
0.18100000000000013 0.8569128229361046 0.8473303180680241 0.8431696663431815 0.8422025038958831 0.8419772102973527 0.8419600350321458 
0.18200000000000013 0.8562491652419962 0.8465455066177188 0.8423048764120172 0.8413149042828424 0.841082793195918 0.841064813153039 
0.18300000000000013 0.8555953747758173 0.8457705860874292 0.841449243183709 0.8404361498045038 0.8401970757835352 0.8401782595727069 
0.18400000000000014 0.8549514980213677 0.8450056272222061 0.8406028473249616 0.8395663222722107 0.8393201382211046 0.8393004534977939 
0.18500000000000014 0.8543175787532845 0.8442506980113572 0.8397657670789425 0.8387055012016327 0.8384520583747518 0.8384314718210383 
0.18600000000000014 0.8536936580420648 0.8435058636838666 0.8389380782580709 0.8378537638059507 0.8375929118083855 0.8375713891139499 
0.18700000000000014 0.8530797742598949 0.8427711867049315 0.8381198542375075 0.8370111849897145 0.8367427717768244 0.836720277620039 
0.18800000000000014 0.8524759630872447 0.8420467267736039 0.8373111659493223 0.8361778373433667 0.8359017092194777 0.8358782072486637 
0.18900000000000014 0.851882257520254 0.8413325408216414 0.836512081877421 0.8353537911384317 0.8350697927546138 0.8350452455695049 
0.19000000000000014 0.8512986878788936 0.8406286830135454 0.8357226680531257 0.8345391143233595 0.8342470886741827 0.8342214578076059 
0.19100000000000014 0.8507252818158952 0.839935204747849 0.8349429880515011 0.8337338725199983 0.833433660939245 0.833406906839038 
0.19200000000000014 0.8501620643264407 0.8392521546596585 0.8341731029883497 0.8329381290206923 0.8326295711760181 0.8326016531871483 
0.19300000000000014 0.8496090577586171 0.8385795786244763 0.8334130715179164 0.832151944785998 0.8318348786725146 0.8318057550194086 
0.19400000000000014 0.8490662818246149 0.8379175197632814 0.832662949831281 0.8313753784429763 0.8310496403758101 0.8310192681448837 
0.19500000000000015 0.8485337536126727 0.8372660184488783 0.8319227916554415 0.830608486284082 0.8302739108899265 0.8302422460122457 
0.19600000000000015 0.8480114875997693 0.8366251123134804 0.8311926482530776 0.8298513222666182 0.8295077424743327 0.8294747397084545 
0.19700000000000015 0.8474994956650302 0.8359948362574742 0.8304725684230266 0.8291039380127362 0.8287511850430148 0.8287167979579649 
0.19800000000000015 0.8469977871038735 0.8353752224593437 0.8297625985014228 0.8283663828099939 0.8280042861641826 0.8279684671225848 
0.19900000000000015 0.8465063686428672 0.8347663003866498 0.8290627823635535 0.8276387036124482 0.8272670910605512 0.8272297912019079 
0.20000000000000015 0.8460252444552917 0.8341680968080185 0.8283731614264109 0.8269209450423015 0.8265396426101624 0.8265008118343521 
0.20100000000000015 0.8455544161774098 0.8335806358060828 0.8276937746519281 0.8262131493920364 0.8258219813478421 0.8257815682987757 
0.20200000000000015 0.8450938829254275 0.8330039387912171 0.8270246585508845 0.8255153566270884 0.8251141454671792 0.8250720975166949 
0.20300000000000015 0.8446436413131364 0.832438024516088 0.8263658471875304 0.8248276043890022 0.8244161708230814 0.8243724340551002 
0.20400000000000015 0.8442036854702379 0.8318829090908596 0.8257173721848444 0.8241499279990608 0.823728090934893 0.8236826101298301 
0.20500000000000015 0.8437740070613368 0.8313386059990212 0.8250792627304688 0.8234823604623652 0.8230499369900568 0.8230026556095521 
0.20600000000000016 0.8433545953055861 0.8308051261137608 0.8244515455833284 0.8228249324723285 0.8223817378483315 0.8223325980202992 
0.20700000000000016 0.8429454369969898 0.8302824777148405 0.8238342450808818 0.8221776724155619 0.8217235200465358 0.8216724625505805 
0.20800000000000016 0.8425465165253414 0.8297706665059169 0.823227383147041 0.8215406063771392 0.8210753078038605 0.8210222720570877 
0.20900000000000016 0.8421578158977943 0.8292696956322703 0.822630979300736 0.8209137581461723 0.8204371230277077 0.8203820470709388 
0.21000000000000016 0.8417793147610572 0.8287795656989398 0.8220450506651196 0.8202971492217299 0.8198089853200929 0.8197518058045072 
0.21100000000000016 0.8414109904241963 0.8283002747892234 0.8214696119774365 0.8196907988190525 0.8191909119845994 0.8191315641587744 
0.21200000000000016 0.8410528178820418 0.8278318184835496 0.8209046755995029 0.8190947238760623 0.8185829180339025 0.8185213357313121 
0.21300000000000016 0.8407047698391833 0.8273741898787335 0.820350251528833 0.8185089390601546 0.8179850161978768 0.817921131824712 
0.21400000000000016 0.8403668167345474 0.8269273796076081 0.8198063474103826 0.8179334567752907 0.8173972169323112 0.8173309614556679 
0.21500000000000016 0.8400389267665451 0.8264913758590432 0.8192729685489157 0.8173682871693794 0.8168195284281792 0.8167508313645192 
0.21600000000000016 0.8397210659187755 0.8260661643983825 0.8187501179219894 0.816813438141996 0.8162519566215269 0.8161807460253495 
0.21700000000000016 0.8394131979862809 0.8256517285883018 0.8182377961935142 0.8162689153524213 0.8156945052039283 0.8156207076566593 
0.21800000000000017 0.8391152846023321 0.8252480494101162 0.8177360017279418 0.8157347222280649 0.8151471756334754 0.8150707162325075 
0.21900000000000017 0.8388272852657447 0.8248551054855312 0.8172447306050088 0.8152108599733433 0.8146099671463191 0.814530769494222 
0.22000000000000017 0.8385491573687028 0.8244728730988915 0.8167639766350705 0.8146973275790349 0.814082876768687 0.8140008629625987 
0.22100000000000017 0.8382808562250859 0.8241013262198894 0.816293731374987 0.8141941218321983 0.8135658993293842 0.81348098995066 
0.22200000000000017 0.8380223350992881 0.8237404365267902 0.8158339841445672 0.8137012373267836 0.8130590274727144 0.8129711415768909 
0.22300000000000017 0.8377735452355014 0.8233901734301549 0.815384722043565 0.8132186664749693 0.8125622516718541 0.8124713067790372 
0.22400000000000017 0.8375344358874688 0.8230505040970777 0.8149459299691983 0.8127463995193992 0.8120755602426102 0.8119814723283777 
0.22500000000000017 0.8373049543486955 0.8227213934759263 0.8145175906342159 0.812284424546382 0.8115989393576004 0.8115016228445239 
0.22600000000000017 0.8370850459830781 0.8224028043216212 0.8140996845854795 0.8118327275001954 0.8111323730608218 0.8110317408107565 
0.22700000000000017 0.8368746542559717 0.8220946972213989 0.8136921902230521 0.8113912921985991 0.8106758432826345 0.8105718065898091 
0.22800000000000017 0.8366737207656529 0.8217970306211255 0.8132950838197994 0.8109601003496238 0.8102293298551226 0.8101217984401891 
0.22900000000000018 0.8364821852751878 0.8215097608520685 0.8129083395415062 0.8105391315696954 0.809792810527876 0.8096816925329859 
0.23000000000000018 0.8362999857446656 0.8212328421582343 0.8125319294674568 0.8101283634031319 0.8093662609841449 0.8092514629691203 
0.23100000000000018 0.8361270583638117 0.8209662267241475 0.8121658236115058 0.809727771342948 0.8089496548574189 0.8088310817971088 
0.23200000000000018 0.8359633375849275 0.8207098647031412 0.8118099899436358 0.8093373288528737 0.8085429637483457 0.808420519031253 
0.23300000000000018 0.8358087561561908 0.820463704246116 0.8114643944119483 0.8089570073904769 0.8081461572420908 0.8080197426702922 
0.23400000000000018 0.8356632451552407 0.8202276915307557 0.8111290009651249 0.8085867764311878 0.807759202926051 0.8076287187165013 
0.23500000000000018 0.8355267340230986 0.820001770791168 0.81080377157532 0.8082266034930369 0.8073820664079704 0.8072474111952079 
0.23600000000000018 0.8353991505983431 0.8197858843479497 0.8104886662614825 0.8078764541618588 0.8070147113344588 0.8068757821747679 
0.23700000000000018 0.835280421151588 0.8195799726386477 0.810183643113104 0.8075362921168168 0.8066570994099258 0.80651379178695 
0.23800000000000018 0.835170470420188 0.8193839742485836 0.8098886583143552 0.8072060791559548 0.8063091904159629 0.8061613982477372 
0.23900000000000018 0.8350692216432177 0.819197825942015 0.8096036661686357 0.8068857752217202 0.8059709422311628 0.8058185578785619 
0.24000000000000019 0.8349765965966485 0.8190214626936596 0.809328619123482 0.8065753384262243 0.8056423108514423 0.8054852251279506 
0.2410000000000002 0.8348925156287622 0.8188548177204816 0.8090634677958642 0.8062747250761558 0.805323250410872 0.8051613525935482 
0.2420000000000002 0.8348168976957668 0.8186978225138124 0.8088081609978226 0.8059838896972973 0.805013713202991 0.8048468910446049 
0.2430000000000002 0.8347496603975759 0.8185504068717159 0.8085626457624636 0.8057027850585883 0.8047136497026333 0.8045417894447822 
0.2440000000000002 0.834690720013785 0.8184124989316208 0.8083268673702537 0.8054313621956748 0.8044230085882217 0.8042459949754086 
0.2450000000000002 0.8346399915397905 0.8182840252032033 0.8081007693756612 0.80516957043403 0.8041417367645279 0.8039594530591048 
0.2460000000000002 0.8345973887230501 0.8181649106014957 0.8078842936340646 0.8049173574116035 0.8038697793858752 0.8036821073837418 
0.2470000000000002 0.8345628240994762 0.8180550784801885 0.807677380328963 0.8046746691010587 0.8036070798798616 0.8034138999268435 
0.2480000000000002 0.8345362090299241 0.8179544506651417 0.8074799679994602 0.8044414498316439 0.8033535799716205 0.8031547709803014 
0.2490000000000002 0.8345174537367734 0.8178629474880462 0.8072919935679788 0.8042176423107249 0.8031092197087426 0.8029046591754453 
0.25000000000000017 0.8345064673405822 0.8177804878202466 0.8071133923682321 0.8040031876450066 0.8028739374867289 0.8026635015084846 
0.25100000000000017 0.834503157896791 0.8177069891066703 0.8069440981734153 0.8037980253615056 0.8026476700750177 0.802431233366263 
0.25200000000000017 0.8345074324324488 0.8176423673998356 0.8067840432245973 0.8036020934282263 0.8024303526434364 0.8022077885523341 
0.25300000000000017 0.834519196982963 0.8175865373939349 0.8066331582593025 0.8034153282746056 0.8022219187890226 0.801993099313382 
0.25400000000000017 0.8345383566288256 0.8175394124588999 0.8064913725402818 0.8032376648116668 0.8020223005633245 0.8017870963659297 
0.25500000000000017 0.8345648155323067 0.8175009046744884 0.8063586138844205 0.803069036451912 0.8018314285000332 0.8015897089233465 
0.25600000000000017 0.834598476974109 0.817470924864292 0.8062348086918312 0.8029093751288733 0.8016492316430809 0.8014008647231452 
0.2570000000000002 0.8346392433899351 0.8174493826296583 0.8061198819750303 0.8027586113163857 0.8014756375750218 0.8012204900545612 
0.2580000000000002 0.8346870164069732 0.8174361863835217 0.8060137573882561 0.8026166740474964 0.8013105724457139 0.8010485097864186 
0.2590000000000002 0.8347416968802842 0.8174312433840953 0.8059163572568908 0.8024834909330857 0.8011539610011679 0.8008848473952315 
0.2600000000000002 0.8348031849290636 0.8174344597684164 0.8058276026069726 0.8023589881801656 0.8010057266124998 0.8007294249935748 
0.2610000000000002 0.8348713799728048 0.8174457405857817 0.8057474131947504 0.8022430906099646 0.8008657913049543 0.8005821633587203 
0.2620000000000002 0.8349461807673165 0.8174649898310113 0.8056757075363183 0.802135721675796 0.8007340757869421 0.8004429819614796 
0.2630000000000002 0.8350274854406113 0.8174921104776094 0.8056124029372993 0.8020368034808448 0.8006104994789999 0.8003117989953258 
0.2640000000000002 0.8351151915286595 0.8175270045107815 0.8055574155225274 0.8019462567959262 0.8004949805427222 0.8001885314056706 
0.2650000000000002 0.835209196010965 0.8175695729603542 0.8055106602657418 0.8018640010773334 0.8003874359096232 0.8000730949194507 
0.2660000000000002 0.8353093953459776 0.8176197159335431 0.8054720510192801 0.8017899544849031 0.8002877813099362 0.799965404074848 
0.2670000000000002 0.8354156855062947 0.8176773326476316 0.8054415005437365 0.8017240339004306 0.8001959313014081 0.7998653722512635 
0.2680000000000002 0.8355279620136521 0.8177423214624816 0.8054189205375615 0.8016661549465257 0.8001117992981284 0.7997729116994354 
0.2690000000000002 0.8356461199736528 0.817814579912902 0.805404221666615 0.8016162320061223 0.8000352975995088 0.7996879335717954 
0.2700000000000002 0.8357700541102363 0.8178940047408337 0.8053973135936039 0.8015741782426736 0.7999663374193826 0.7996103479529547 
0.2710000000000002 0.8358996587998472 0.8179804919273372 0.8053981050074267 0.8015399056212144 0.7999048289153318 0.799540063890361 
0.2720000000000002 0.8360348281053095 0.8180739367243628 0.8054065036523584 0.8015133249303044 0.7998506812181726 0.7994769894251402 
0.2730000000000002 0.8361754558093605 0.8181742336862698 0.8054224163570891 0.801494345804951 0.7998038024616045 0.7994210316230183 
0.2740000000000002 0.8363214354478642 0.8182812767011107 0.8054457490635295 0.8014828767504695 0.7997640998119862 0.7993720966054358 
0.2750000000000002 0.8364726603426573 0.8183949590216334 0.8054764068554037 0.8014788251673073 0.7997314794981512 0.7993300895807556 
0.2760000000000002 0.8366290236340481 0.8185151732960316 0.8055142939865496 0.8014820973766983 0.7997058468412779 0.7992949148755588 
0.2770000000000002 0.8367904183129269 0.8186418115983939 0.8055593139089341 0.8014925986471502 0.7996871062847853 0.7992664759661327 
0.2780000000000002 0.8369567372525094 0.8187747654589171 0.805611369300314 0.8015102332215857 0.7996751614242277 0.7992446755099749 
0.2790000000000002 0.8371278732396714 0.8189139258938317 0.8056703620915211 0.8015349043451048 0.799669915037239 0.7992294153774352 
0.2800000000000002 0.8373037190058804 0.8190591834350894 0.8057361934933597 0.8015665142932235 0.7996712691134797 0.7992205966834602 
0.2810000000000002 0.8374841672577199 0.8192104281597922 0.8058087640230926 0.8016049644006102 0.7996791248846055 0.7992181198194094 
0.2820000000000002 0.8376691107069703 0.8193675497194268 0.8058879735304691 0.8016501550902938 0.7996933828542804 0.799221884484988 
0.2830000000000002 0.8378584421002753 0.8195304373688549 0.8059737212233864 0.8017019859033958 0.7997139428281664 0.799231789720209 
0.2840000000000002 0.8380520542483453 0.8196989799951739 0.8060659056931433 0.8017603555295169 0.7997407039439447 0.799247733937486 
0.2850000000000002 0.8382498400547117 0.8198730661463909 0.806164424939326 0.8018251618379345 0.7997735647013213 0.7992696149537114 
0.2860000000000002 0.8384516925440316 0.8200525840599988 0.8062691763944351 0.8018963019098305 0.7998124229920472 0.7992973300224226 
0.2870000000000002 0.8386575048898927 0.8202374216914655 0.8063800569482464 0.8019736720717215 0.7998571761299059 0.7993307758659451 
0.2880000000000002 0.8388671704421722 0.8204274667426804 0.806496962972032 0.8020571679303428 0.799907720880736 0.7993698487075601 
0.2890000000000002 0.839080582753893 0.8206226066904159 0.8066197903426839 0.8021466844091358 0.7999639534924418 0.7994144443036469 
0.2900000000000002 0.8392976356075935 0.8208227288148113 0.8067484344668824 0.8022421157864353 0.8000257697250177 0.799464457975844 
0.2910000000000002 0.8395182230412069 0.8210277202279879 0.8068827903053959 0.8023433557354336 0.8000930648806153 0.7995197846431131 
0.2920000000000002 0.8397422393734342 0.8212374679027741 0.8070227523976536 0.8024502973657873 0.8001657338335959 0.7995803188538334 
0.2930000000000002 0.8399695792286184 0.82145185870165 0.8071682148867374 0.8025628332667804 0.8002436710606904 0.799645954817854 
0.2940000000000002 0.8402001375611163 0.8216707794059088 0.8073190715449048 0.8026808555516964 0.8003267706711594 0.7997165864385177 
0.2950000000000002 0.8404338096791502 0.8218941167451158 0.8074752157998044 0.802804255903139 0.8004149264370041 0.7997921073446449 
0.2960000000000002 0.8406704912681683 0.8221217574268639 0.8076365407614958 0.8029329256187987 0.800508031823254 0.7998724109224942 
0.2970000000000002 0.840910078413684 0.8223535881668763 0.8078029392503808 0.8030667556572672 0.8006059800182397 0.7999573903476641 
0.2980000000000002 0.8411524676236029 0.8225894957194705 0.8079743038260763 0.8032056366834099 0.8007086639639263 0.8000469386169805 
0.2990000000000002 0.8413975558500514 0.8228293669083689 0.8081505268173196 0.8033494591128163 0.800815976386208 0.8001409485802163 
0.3000000000000002 0.8416452405106931 0.8230730886578597 0.8083315003528541 0.803498113154936 0.8009278098252057 0.8002393129718234 
0.3010000000000002 0.8418954195095332 0.8233205480242882 0.8085171163932814 0.8036514888545068 0.8010440566655154 0.8003419244424658 
0.3020000000000002 0.8421479912572324 0.8235716322278065 0.8087072667638106 0.803809476131003 0.8011646091664225 0.8004486755904845 
0.3030000000000002 0.8424028546908999 0.8238262286843689 0.8089018431878265 0.8039719648158693 0.8012893594920862 0.8005594589931516 
0.3040000000000002 0.8426599092934058 0.8240842250378411 0.8091007373212249 0.8041388446874487 0.8014181997416859 0.8006741672377904 
0.3050000000000002 0.8429190551121792 0.8243455091921998 0.8093038407874257 0.8043100055034842 0.8015510219795696 0.8007926929527378 
0.3060000000000002 0.8431801927775087 0.8246099693436464 0.8095110452130024 0.8044853370312999 0.8016877182653713 0.8009149288381167 
0.3070000000000002 0.843443223520359 0.8248774940126119 0.809722242263918 0.8046647290756601 0.8018281806841627 0.8010407676964049 
0.3080000000000002 0.8437080491896678 0.8251479720754533 0.80993732368226 0.8048480715045048 0.8019723013765698 0.8011701024628791 
0.3090000000000002 0.8439745722691661 0.8254212927957869 0.8101561813234694 0.8050352542726796 0.8021199725688974 0.8013028262358501 
0.3100000000000002 0.8442426958936738 0.8256973458553059 0.8103787071940309 0.8052261674438776 0.8022710866032047 0.8014388323067099 
0.3110000000000002 0.8445123238649221 0.825976021384003 0.8106047934894354 0.805420701210996 0.8024255359673175 0.8015780141898122 
0.3120000000000002 0.8447833606668352 0.8262572099896488 0.8108343326323907 0.8056187459151044 0.8025832133247691 0.8017202656521951 
0.3130000000000002 0.8450557114803475 0.8265408027865094 0.8110672173111098 0.8058201920632647 0.802744011544585 0.80186548074303 
0.3140000000000002 0.845329282197685 0.8268266914231448 0.8113033405174281 0.8060249303453499 0.8029078237309597 0.8020135538229884 
0.3150000000000002 0.8456039794361518 0.8271147681093158 0.8115425955845599 0.806232851650119 0.8030745432527213 0.8021643795933041 
0.3160000000000002 0.8458797105514143 0.8274049256418985 0.811784876224271 0.8064438470806917 0.8032440637726295 0.8023178531246752 
0.3170000000000002 0.8461563836502806 0.8276970574298229 0.8120300765631054 0.8066578079696205 0.8034162792764664 0.8024738698859395 
0.3180000000000002 0.8464339076029852 0.8279910575180109 0.812278091177534 0.8068746258937758 0.8035910841019351 0.8026323257725513 
0.31900000000000023 0.8467121920549767 0.8282868206103597 0.8125288151276872 0.8070941926892404 0.8037683729673274 0.8027931171348058 
0.32000000000000023 0.8469911474382268 0.8285842420917752 0.812782143989555 0.8073164004664672 0.8039480410000484 0.8029561408058391 
0.32100000000000023 0.8472706849820594 0.8288832180493253 0.8130379738854373 0.8075411416259675 0.8041299837649268 0.8031212941294181 
0.32200000000000023 0.8475507167235151 0.8291836452925627 0.8132962015126606 0.8077683088747937 0.804314097292346 0.8032884749874493 
0.32300000000000023 0.847831155517268 0.8294854213731009 0.8135567241704201 0.8079977952441533 0.8045002781062072 0.803457581827257 
0.32400000000000023 0.8481119150451114 0.8297884446035149 0.8138194397848779 0.8082294941083797 0.8046884232516449 0.803628513688536 
0.32500000000000023 0.848392909825035 0.8300926140756598 0.8140842469325065 0.8084632992055165 0.8048784303225293 0.8038011702300254 
0.32600000000000023 0.8486740552199378 0.8303978296785126 0.8143510448618272 0.808699104659682 0.8050701974886414 0.8039754517558602 
0.32700000000000023 0.8489552674460097 0.8307039921155989 0.814619733513585 0.8089368050052547 0.8052636235224725 0.8041512592415874 
0.32800000000000024 0.8492364635808372 0.8310110029221471 0.8148902135395801 0.8091762952128042 0.8054586078256244 0.8043284943598077 
0.32900000000000024 0.8495175615712893 0.8313187644820054 0.8151623863201403 0.8094174707165515 0.8056550504546327 0.8045070595054774 
0.33000000000000024 0.8497984802412707 0.8316271800444732 0.8154361539804054 0.8096602274430037 0.8058528521462863 0.8046868578208456 
0.33100000000000024 0.8500791392993915 0.8319361537410568 0.8157114194054721 0.8099044618402638 0.8060519143422811 0.8048677932199607 
0.33200000000000024 0.8503594593466529 0.8322455906022811 0.8159880862544726 0.8101500709075056 0.8062521392132599 0.8050497704128301 
0.33300000000000024 0.8506393618841824 0.8325553965745788 0.8162660589736379 0.8103969522240148 0.8064534296822101 0.8052326949291625 
0.33400000000000024 0.850918769321111 0.8328654785373072 0.8165452428084015 0.810645003977343 0.8066556894472682 0.80541647314167 
0.33500000000000024 0.8511976049825803 0.8331757443199302 0.8168255438145866 0.8108941249901754 0.8068588230039624 0.8056010122889588 
0.33600000000000024 0.8514757931179019 0.8334861027193747 0.81710686886871 0.8111442147457002 0.8070627356669574 0.8057862204980102 
0.33700000000000024 0.8517532589088278 0.8337964635175543 0.8173891256773814 0.8113951734114189 0.8072673335913606 0.8059720068061796 
0.33800000000000024 0.8520299284778718 0.8341067374990332 0.8176722227858446 0.8116469018614904 0.8074725237936702 0.806158281182821 
0.33900000000000025 0.8523057288965603 0.8344168364688002 0.8179560695855309 0.8118993016978409 0.8076782141723435 0.8063449545504818 
0.34000000000000025 0.8525805881935239 0.8347266732701005 0.818240576320682 0.8121522752702931 0.8078843135281062 0.8065319388056622 
0.34100000000000025 0.8528544353622853 0.8350361618022507 0.8185256540939063 0.8124057256960797 0.8080907315839675 0.8067191468392333 
0.34200000000000025 0.8531272003686318 0.8353452170383491 0.8188112148707002 0.8126595568790221 0.8082973790049489 0.8069064925564277 
0.34300000000000025 0.853398814157444 0.8356537550428268 0.8190971714828195 0.8129136735286978 0.8085041674175897 0.8070938908964511 
0.34400000000000025 0.8536692086589291 0.8359616929886989 0.8193834376305856 0.8131679811797902 0.8087110094291432 0.8072812578517073 
0.34500000000000025 0.8539383167941933 0.8362689491744686 0.8196699278840731 0.8134223862118454 0.8089178186465665 0.8074685104866358 
0.34600000000000025 0.8542060724801381 0.8365754430405361 0.8199565576831974 0.8136767958695199 0.8091245096952231 0.8076555669561506 
0.34700000000000025 0.8544724106337109 0.8368810951850417 0.8202432433368112 0.8139311182833737 0.809330998237357 0.8078423465236578 
0.34800000000000025 0.854737267175534 0.8371858273790068 0.8205299020208199 0.8141852624912357 0.8095372009903186 0.8080287695786625 
0.34900000000000025 0.8550005790329944 0.8374895625806855 0.8208164517754153 0.8144391384600473 0.8097430357445601 0.8082147576539679 
0.35000000000000026 0.8552622841428402 0.8377922249490087 0.8211028115015424 0.8146926571081452 0.8099484213814375 0.8084002334423964 
0.35100000000000026 0.8555223214533882 0.8380937398560063 0.8213889009567347 0.8149457303278366 0.8101532778907493 0.8085851208131516 
0.35200000000000026 0.8557806309263949 0.8383940338981064 0.8216746407504987 0.8151982710081577 0.8103575263880783 0.8087693448276699 
0.35300000000000026 0.8560371535386598 0.8386930349062262 0.8219599523393626 0.8154501930576673 0.8105610891318975 0.8089528317550526 
0.35400000000000026 0.8562918312834313 0.838990671954571 0.8222447580218687 0.8157014114271438 0.8107638895404207 0.8091355090871062 
0.35500000000000026 0.8565446071716525 0.8392868753681084 0.8225289809335793 0.8159518421320605 0.8109658522082094 0.8093173055528442 
0.35600000000000026 0.8567954252330964 0.8395815767286801 0.8228125450423723 0.8162014022747061 0.8111669029224906 0.8094981511326422 
0.35700000000000026 0.8570442305174195 0.8398747088797889 0.8230953751440729 0.8164500100658246 0.8113669686791904 0.809677977071865 
0.35800000000000026 0.857290969095151 0.840166205930098 0.8233773968585456 0.8166975848457223 0.8115659776986347 0.8098567158940815 
0.35900000000000026 0.8575355880586556 0.8404560032557379 0.8236585366263869 0.8169440471046898 0.8117638594409252 0.810034301413802 
0.36000000000000026 0.8577780355230485 0.8407440375015208 0.8239387217061391 0.8171893185027189 0.8119605446209678 0.810210668748753 
0.36100000000000027 0.8580182606271223 0.8410302465812132 0.8242178801722368 0.8174333218884053 0.8121559652231322 0.8103857543316763 
0.36200000000000027 0.8582562135342273 0.8413145696769923 0.8244959409135335 0.8176759813170307 0.8123500545155107 0.8105594959216735 
0.36300000000000027 0.8584918454331718 0.8415969472382259 0.8247728336326124 0.8179172220677584 0.8125427470637906 0.8107318326150337 
0.36400000000000027 0.8587251085391 0.8418773209797393 0.8250484888458196 0.818156970659938 0.8127339787446756 0.8109027048555859 
0.36500000000000027 0.8589559560943528 0.8421556338796718 0.8253228378841029 0.8183951548685492 0.812923686758878 0.8110720544445478 
0.36600000000000027 0.8591843423693308 0.8424318301770161 0.8255958128947353 0.8186317037387583 0.8131118096436238 0.8112398245498927 
0.36700000000000027 0.8594102226633353 0.8427058553689474 0.8258673468439146 0.8188665475996694 0.8132982872846506 0.8114059597152002 
0.36800000000000027 0.8596335533053819 0.8429776562079765 0.8261373735203646 0.8190996180772796 0.8134830609277066 0.8115704058679711 
0.36900000000000027 0.859854291654996 0.8432471806989607 0.8264058275399029 0.8193308481067331 0.8136660731894769 0.8117331103274986 
0.3700000000000003 0.860072396102968 0.84351437809599 0.8266726443510362 0.8195601719439143 0.8138472680679756 0.8118940218121354 
0.3710000000000003 0.8602878260720792 0.8437791988991148 0.8269377602415953 0.8197875251764692 0.8140265909523324 0.8120530904461547 
0.3720000000000003 0.8605005420177592 0.8440415948509135 0.8272011123463607 0.8200128447343084 0.81420398863202 0.812210267765993 
0.3730000000000003 0.8607105054287009 0.8443015189328232 0.827462638655715 0.8202360688996626 0.814379409305473 0.8123655067260779 
0.3740000000000003 0.860917678827397 0.8445589253611995 0.8277222780252829 0.820457137316773 0.8145528025881331 0.8125187617040533 
0.3750000000000003 0.8611220257705909 0.8448137695830603 0.8279799701864909 0.8206759910012373 0.8147241195198874 0.8126699885055925 
0.3760000000000003 0.8613235108496284 0.8450660082714064 0.8282356557580615 0.8208925723490953 0.8148933125719561 0.8128191443686071 
0.3770000000000003 0.861522099690712 0.8453155993201369 0.8284892762583977 0.8211068251456578 0.8150603356531716 0.8129661879670506 
0.3780000000000003 0.8617177589550132 0.8455625018384256 0.8287407741187741 0.8213186945741267 0.8152251441157401 0.8131110794141196 
0.3790000000000003 0.8619104563386587 0.8458066761446112 0.8289900926973668 0.8215281272239936 0.8153876947604183 0.8132537802650261 
0.3800000000000003 0.8621001605725551 0.8460480837594898 0.829237176293989 0.8217350710992382 0.8155479458411856 0.8133942535192554 
0.3810000000000003 0.8622868414220599 0.8462866873990933 0.8294819701655618 0.8219394756262812 0.8157058570693725 0.8135324636222954 
0.3820000000000003 0.8624704696864665 0.8465224509668787 0.8297244205421785 0.8221412916616859 0.8158613896172806 0.8136683764668969 
0.3830000000000003 0.8626510171983063 0.8467553395454294 0.8299644746437034 0.8223404714995565 0.8160145061212982 0.8138019593938435 
0.3840000000000003 0.8628284568224449 0.8469853193876568 0.8302020806968324 0.822536968878581 0.8161651706845336 0.8139331811921975 
0.3850000000000003 0.8630027624549808 0.8472123579076006 0.8304371879524839 0.8227307389886831 0.8163133488789267 0.814062012099069 
0.3860000000000003 0.8631739090219117 0.847436423670861 0.8306697467033799 0.8229217384772158 0.8164590077469046 0.8141884237989254 
0.3870000000000003 0.8633418724775815 0.8476574863847914 0.8308997083017318 0.8231099254546439 0.8166021158025559 0.8143123894223554 
0.3880000000000003 0.8635066298028824 0.8478755168884771 0.8311270251768579 0.8232952594996851 0.8167426430322806 0.814433883544401 
0.3890000000000003 0.8636681590032222 0.848090487142646 0.8313516508526574 0.8234777016638598 0.8168805608950175 0.8145528821824087 
0.3900000000000003 0.8638264391062302 0.8483023702195683 0.8315735399647516 0.8236572144754138 0.8170158423219402 0.8146693627933845 
0.3910000000000003 0.8639814501592128 0.8485111402930425 0.8317926482772511 0.8238337619426214 0.8171484617156853 0.8147833042709222 
0.3920000000000003 0.8641331732263408 0.8487167726285703 0.8320089326990388 0.8240073095564237 0.8172783949490808 0.8148946869416438 
0.3930000000000003 0.8642815903855761 0.8489192435737657 0.8322223512994846 0.824177824292435 0.8174056193633858 0.815003492561266 
0.3940000000000003 0.8644266847253194 0.8491185305491207 0.8324328633235598 0.8243452746123189 0.8175301137660094 0.815109704310144 
0.3950000000000003 0.8645684403407965 0.849314612039145 0.8326404292062763 0.8245096304645219 0.8176518584277652 0.8152133067884628 
0.3960000000000003 0.8647068423301641 0.8495074675839797 0.832845010586489 0.8246708632844518 0.8177708350795513 0.8153142860109444 
0.3970000000000003 0.8648418767903497 0.849697077771496 0.8330465703199774 0.8248289459940468 0.8178870269085866 0.8154126294012302 
0.3980000000000003 0.8649735308126124 0.8498834242299371 0.8332450724918415 0.8249838530008308 0.8180004185540855 0.8155083257857815 
0.3990000000000003 0.8651017924778526 0.8500664896211388 0.8334404824282304 0.8251355601964295 0.818110996102442 0.8156013653874231 
0.4000000000000003 0.8652266508516414 0.850246257634306 0.8336327667073267 0.8252840449546285 0.8182187470818932 0.8156917398184843 
